list(M=75,
ns=50,
np=5,
percentiles=c(0.01,0.10,0.5,0.90,0.99),
Deltasigma=c(0.950,0.950,0.950,0.950,0.950,0.950,0.950,0.950,0.950,0.950,0.950,0.950,0.950,0.950,0.950,0.900,0.900,0.900,0.900,0.900,0.900,0.900,0.900,0.900,0.900,0.900,0.900,0.900,0.900,0.900,0.825,0.825,0.825,0.825,0.825,0.825,0.825,0.825,0.825,0.825,0.825,0.825,0.825,0.825,0.825,0.750,0.750,0.750,0.750,0.750,0.750,0.750,0.750,0.750,0.750,0.750,0.750,0.750,0.750,0.750,0.675,0.675,0.675,0.675,0.675,0.675,0.675,0.675,0.675,0.675,0.675,0.675,0.675,0.675,0.675),
N=c(37,72,74,76,83,85,105,109,120,123,143,203,206,217,257,201,216,226,252,257,295,311,342,356,451,457,509,540,680,1129,1246,1258,1460,1492,2400,2410,2590,2903,3330,3590,3847,4110,4820,5560,5598,6710,9930,12600,15580,16190,17280,18620,20300,24900,26260,27940,36350,48420,50090,67340,102950,280320,339830,366900,485620,658960,896330,1241760,1250200,1329780,1399830,1459140,3294820,12709000,14373000),
n_tune=2000,
n_draws=2000,
n_chains=2,
cv_N0=0.25,
cv_Delta0=0.15,
cv_beta=0.30,
cv_lambda=0.25,
cv_delta=0.30,
target_accept=0.99
)
