list(M=360,ns=50,np=5,minlambda=0.113333,maxlambda=0.34,
minDeltasigma0=206.305,maxDeltasigma0=257.881,minbeta=1.98,maxbeta=4.455,
mindelta=0.28,maxdelta=0.84,
minN0=10470.6,maxN0=14958,
percentiles=c(0.01,0.15,0.5,0.85,0.99),
Deltasigma=c(385.,385.,385.,385.,385.,385.,385.,385.,385.,385.,385.,385.,385.,385.,385.,385.,385.,385.,385.,385.,380.,380.,380.,380.,380.,380.,380.,380.,380.,380.,380.,380.,380.,380.,380.,380.,380.,380.,380.,380.,375.,375.,375.,375.,375.,375.,375.,375.,375.,375.,375.,375.,375.,375.,375.,375.,375.,375.,375.,375.,370.,370.,370.,370.,370.,370.,370.,370.,370.,370.,370.,370.,370.,370.,370.,370.,370.,370.,370.,370.,365.,365.,365.,365.,365.,365.,365.,365.,365.,365.,365.,365.,365.,365.,365.,365.,365.,365.,365.,365.,360.,360.,360.,360.,360.,360.,360.,360.,360.,360.,360.,360.,360.,360.,360.,360.,360.,360.,360.,360.,355.,355.,355.,355.,355.,355.,355.,355.,355.,355.,355.,355.,355.,355.,355.,355.,355.,355.,355.,355.,350.,350.,350.,350.,350.,350.,350.,350.,350.,350.,350.,350.,350.,350.,350.,350.,350.,350.,350.,350.,345.,345.,345.,345.,345.,345.,345.,345.,345.,345.,345.,345.,345.,345.,345.,345.,345.,345.,345.,345.,340.,340.,340.,340.,340.,340.,340.,340.,340.,340.,340.,340.,340.,340.,340.,340.,340.,340.,340.,340.,335.,335.,335.,335.,335.,335.,335.,335.,335.,335.,335.,335.,335.,335.,335.,335.,335.,335.,335.,335.,330.,330.,330.,330.,330.,330.,330.,330.,330.,330.,330.,330.,330.,330.,330.,330.,330.,330.,330.,330.,325.,325.,325.,325.,325.,325.,325.,325.,325.,325.,325.,325.,325.,325.,325.,325.,325.,325.,325.,325.,320.,320.,320.,320.,320.,320.,320.,320.,320.,320.,320.,320.,320.,320.,320.,320.,320.,320.,320.,320.,320.,320.,320.,320.,315.,315.,315.,315.,315.,315.,315.,315.,315.,315.,315.,315.,315.,315.,315.,315.,315.,315.,315.,315.,315.,315.,310.,310.,310.,310.,310.,310.,310.,310.,310.,310.,310.,310.,310.,310.,310.,310.,310.,310.,310.,310.,305.,305.,305.,305.,305.,305.,305.,305.,305.,305.,305.,305.,305.,305.,305.,300.,300.,300.,300.,300.,300.,300.,300.,300.,300.,295.,295.,295.,295.,295.,295.,290.,290.,285.),
N=c(  51000.,  57000.,  60000.,  67000.,  68000.,  69000.,  75000.,  76000.,  82000.,  83000.,  87000.,  95000., 106000., 109000., 111000., 119000., 122000., 128000., 132000., 140000.,  59000.,  66000.,  69000.,  80000.,  87000.,  90000.,  97000.,  98000.,  99000., 100000., 107000., 109000., 117000., 118000., 125000., 128000., 132000., 158000., 177000., 186000.,  65000.,  71000.,  78000.,  84000.,  89000.,  93000.,  98000., 103000., 105000., 109000., 113000., 118000., 124000., 131000., 147000., 156000., 171000., 182000., 199000., 220000.,  83000.,  98000., 100000., 104000., 110000., 111000., 122000., 125000., 132000., 136000., 141000., 143000., 146000., 155000., 165000., 194000., 200000., 201000., 251000., 318000.,  89000., 105000., 108000., 118000., 119000., 121000., 130000., 133000., 152000., 164000., 170000., 181000., 182000., 192000., 199000., 211000., 238000., 273000., 324000., 398000., 117000., 127000., 141000., 151000., 162000., 173000., 181000., 186000., 192000., 198000., 203000., 209000., 218000., 255000., 262000., 288000., 295000., 309000., 394000., 585000., 112000., 125000., 133000., 156000., 166000., 168000., 173000., 202000., 227000., 247000., 253000., 261000., 285000., 286000., 309000., 365000., 442000., 559000., 702000., 852000., 115000., 129000., 143000., 169000., 177000., 178000., 218000., 230000., 271000., 280000., 285000., 305000., 326000., 342000., 381000., 431000., 493000., 568000., 734000.,1101000., 140000., 155000., 169000., 174000., 218000., 248000., 265000., 293000., 321000., 326000., 348000., 350000., 364000., 374000., 397000., 426000., 461000., 504000., 738000.,1063000., 146000., 159000., 168000., 224000., 246000., 253000., 291000., 326000., 358000., 385000., 397000., 425000., 449000., 498000., 532000., 610000., 714000., 763000., 987000.,1585000., 154000., 180000., 210000., 254000., 305000., 332000., 363000., 415000., 457000., 482000., 528000., 559000., 593000., 611000., 678000., 767000., 835000., 957000.,1274000.,1854000., 166000., 184000., 241000., 251000., 273000., 312000., 371000., 418000., 493000., 562000., 683000., 760000., 830000., 981000.,1306000.,1463000.,1842000.,1867000.,2220000.,2978000., 196000., 227000., 250000., 271000., 308000., 347000., 393000., 475000., 548000., 669000., 799000., 879000., 975000.,1154000.,1388000.,1705000.,2073000.,2211000.,2925000.,4257000., 206000., 231000., 283000., 370000., 413000., 474000., 523000., 597000., 605000., 619000., 727000., 815000., 935000.,1056000.,1144000.,1336000.,1580000.,1786000.,1826000.,1943000.,2214000.,3107000.,4510000.,6297000., 226000., 257000., 307000., 370000., 457000., 549000., 570000., 590000., 672000., 781000., 850000., 974000.,1093000.,1460000.,1477000.,1936000.,2662000.,2731000.,3487000.,4396000.,5803000.,7215000., 206000., 317000., 393000., 446000., 502000., 570000., 627000., 809000., 956000.,1022000.,1327000.,1745000.,2001000.,2139000.,2314000.,3425000.,4576000.,5453000.,7868000.,8297000., 253000., 311000., 329000., 370000., 726000., 845000., 935000., 954000.,1139000.,1456000.,1792000.,2578000.,3776000.,5161000.,8131000., 411000., 606000., 700000., 707000., 919000.,1587000.,1595000.,2295000.,4628000.,6280000., 503000.,1191000.,1282000.,1609000.,4070000.,6337000.,1055000.,1369000.,1220000.),
n_tune=2000,
n_draws=2000,
n_chains=2,
cv_N0=0.25,
cv_Delta0=0.15,
cv_beta=0.30,
cv_lambda=0.25,
cv_delta=0.30,
target_accept=0.99
)
